c  - Original file: 
c ./results/room_45.mcnp
c      No transforms were applied
c  - Inserted files: 
c Extract of cells range(12, 22) from ./results/room_45.mcnp
c      Applied translation: [-200.0, 300.0, 0.0]
c      Applied Euler angles: a=90.0, b=0.9999999999999002, g=-3.508354649267438e-15 
c      Rotation matrix:
c           [ 6.12230140e-17 -9.99847695e-01  1.74524064e-02]
c           [1. 0. 0.]
c           [-1.06865168e-18  1.74524064e-02  9.99847695e-01]
c      List of applied transforms:
c           Translation: [0, -400, 0]
c           Rotation Y: -1
c           Translation: [200, 300, 0] Rotation Z: -90
c 
c 
c 
c 
c 
c  
c  
c  
c  
c ==============================================================================  
c                                   CCD  
c ==============================================================================  
1 82 -11.0 -1 2 imp:n,p,e=1                                                     $ lead
2 6 -1.0 -3 imp:n,p,e=1                                                         $ ccd body
3 14 -2.4 -4 imp:n,p,e=1                                                        $ ccd lens
4 100 -1.205e-3 -1 -2 3 4 imp:n,p,e=1                                           $ air
c  
c  
c  
c  
c ==============================================================================  
c                                 Detector  
c ==============================================================================  
5 83 -7.13 -5 imp:n,p,e=1                                                       $ scintillator
6 13 -2.7 -6 7 imp:n,p,e=1                                                      $ scintillator cover
7 13 -2.7 -8 9 5 imp:n,p,e=1                                                    $ detector box
8 26 -7.9 -10 imp:n,p,e=1                                                       $ base steel plate
9 14 -2.4 -11 imp:n,p,e=1                                                       $ mirror
10 100 -1.205e-3 (5 #7 11) (-7:-8)  
      (1)                                                                       $ ./ccd.mcnp
       imp:n,p,e=1                                                              $ air
c  - Original file:  
c ./room.mcnp 
c      No transforms were applied 
c  - Inserted files:  
c ./detector.mcnp 
c      Applied translation: [0.0, 400.0, 0.0] 
c      Applied Euler angles: a=-90.0, b=0.9999999999999002, g=90.0  
c      Rotation matrix: 
c           [ 0.9998477   0.         -0.01745241] 
c           [0. 1. 0.] 
c           [0.01745241 0.         0.9998477 ] 
c      List of applied transforms: 
c           Translation: [0, 400, 0] Rotation Y: 1 
c       - Files contained in ./detector.mcnp : 
c       ./ccd.mcnp 
c            Applied translation: [60, 50, 0] 
c            Applied Euler angles: a=-0.0, b=0.0, g=0.0  
c            Rotation matrix: 
c                 [1 0 0] 
c                 [0 1 0] 
c                 [0 0 1] 
c            List of applied transforms: 
c                 Translation: [60, 50, 0] 
c ./lat_ex5.mcnp 
c      Applied translation: [0.0, 300.0, 0.0] 
c      Applied Euler angles: a=45.0, b=0.0, g=0.0  
c      Rotation matrix: 
c           [0.70710678 0.70710678 0.        ] 
c           [-0.70710678  0.70710678  0.        ] 
c           [0. 0. 1.] 
c      List of applied transforms: 
c           Translation: [0, 300, 0] Rotation Z: 45 
c  
c  
c  
c  
c ==============================================================================  
c                                Lattice example n 5  
c ==============================================================================  
13 5 -.6 -17 imp:n,p,e=1 
14 2 -.8 -18 19 -20 21 imp:n,p,e=1 lat=1 u=1 
       fill=-2:2 -4:4 0:0 
      1 1 1 1 1  
      1 1 1 2(15) 1  
      1 3 1 1 1  
      1 2 3 2 1  
      1 1 1 1 1  
      1 4(16) 2 1 1  
      1 1 3 4(17) 1  
      1 2 3 1 1  
      1 1 1 1 1  
15 13 -.5 -23 22 24 imp:n,p,e=1 u=2 
16 4 -.4 23:-22:-24 imp:n,p,e=1 u=2 
17 0 -25 imp:n,p,e=1 u=3 fill=5 
18 13 -.5 25 imp:n,p,e=1 u=3 
19 4 -.4 -26 27 -28 29 imp:n,p,e=1 lat=1 u=5 
20 13 -.5 -30 31 -32 33 imp:n,p,e=1 u=4 
21 4 -.4 30:-31:32:-33 imp:n,p,e=1 u=4 
22 0 -13 14 -15 16 17 -34 35 imp:n,p,e=1 fill=1 
c  
c  
c  
c  
c ==============================================================================  
c                                   CCD  
c ==============================================================================  
23 82 -11.0 -36 37 imp:n,p,e=1                                                  $ lead
24 6 -1.0 -38 imp:n,p,e=1                                                       $ ccd body
25 14 -2.4 -39 imp:n,p,e=1                                                      $ ccd lens
26 100 -1.205e-3 -36 -37 38 39 imp:n,p,e=1                                      $ air
c  
c  
c  
c  
c ==============================================================================  
c                                 Detector  
c ==============================================================================  
27 83 -7.13 -40 imp:n,p,e=1                                                     $ scintillator
28 13 -2.7 -41 42 imp:n,p,e=1                                                   $ scintillator cover
29 13 -2.7 -43 44 40 imp:n,p,e=1                                                $ detector box
30 26 -7.9 -45 imp:n,p,e=1                                                      $ base steel plate
31 14 -2.4 -46 imp:n,p,e=1                                                      $ mirror
32 100 -1.205e-3 (40 #29 46) (-42:-43)  
      (36)                                                                      $ ./ccd.mcnp
       imp:n,p,e=1                                                              $ air
c  
c  
c  
c  
c ==============================================================================  
c                               Experience room  
c ==============================================================================  
33 1 -2.3 -47 48 50 imp:n,p,e=1                                                 $ main room
34 1 -2.3 -49 52.1 imp:n,p,e=1                                                  $ source wall
35 1 -2.3 -55 imp:n,p,e=1                                                       $ concrete ground outside
36 1 -2.3 -56 imp:n,p,e=1                                                       $ concrete ground outside
37 74 -17.6 -52 53.1 imp:n,p,e=1                                                $ W primary collimation
38 82 -11.0 -51 imp:n,p,e=1                                                     $ lead door
39 73 -16.71 57 -58 -59 imp:n,p,e=1                                             $ Tantalum target
40 100 -1.205e-3 #33 #34 #37 #38 #39 55 56 -54  
      #1 #2 #3 #4 #5 #6 #7 #8 #9 #10                                            $ Extract of cells range(12, 22) from ./results/room_45.mcnp
      ((13:-14:15:-16:34:-35))                                                  $ ./lat_ex5.mcnp
      ((45 43 41))                                                              $ ./detector.mcnp
       imp:n,p,e=1                                                              $ Air
41 0 54 imp:n,p,e=0                                                             $ Graveyard
 
c ==============================================================================  
c                                   CCD  
c ==============================================================================  
1 1 RCC -10 0 0  40 0 0   20.0                                                  $ lead cylinder outside
2 1 CX  15.0                                                                    $ lead cylinder inside
3 1 RCC 2 0 0  20 0 0  7.0                                                      $ ccd body
4 1 RCC 0 0 0  2 0 0   2.5                                                      $ ccd lens
c ==============================================================================  
c                                 Detector  
c ==============================================================================  
5 3 RPP -15 15 0 2 -15 15                                                       $ scintillator
6 3 RPP -20 20 -3 1 -20 20                                                      $ scintillator cover outside
7 3 RPP -19.5 19.5 -2.5 1 -19.5 19.5                                            $ scintillator cover inside
8 3 RPP -50.0 100.0 1.0 75.0 -50.0 50.0                                         $ detector box outside
9 3 RPP -49.0  99.0 2.0 74.0 -50.0 49.0                                         $ detector box inside
10 3 RPP -55.0 110.0 -5.0 80.0 -55.0 -50.0                                      $ base steel plate
11 2 RPP -20 20 0 0.3 -20 20                                                    $ glass
12 4 SO 1000.0 
c ==============================================================================  
c                                Lattice example n 5  
c ==============================================================================  
13 8 px 15      
14 8 px -15      
15 8 py 15      
16 8 py -15      
17 8 s 7 2.1 0 3.5      
18 8 px 4      
19 8 px -5      
20 8 py 2      
21 8 py -2      
22 8 p .7 -.7 0 -2.5      
23 8 p .6 .8 0 .5      
24 8 py -1      
25 8 x -4.5 0 -.5 1.7 3.5 0      
26 8 px 1.6      
27 8 px -1.4      
28 8 py 1      
29 8 py -1.2      
30 8 px 3      
31 8 px -3      
32 8 py .5      
33 8 py -.6      
34 8 pz 6      
35 8 pz -7      
c ==============================================================================  
c                                   CCD  
c ==============================================================================  
36 9 RCC -10 0 0  40 0 0   20.0                                                 $ lead cylinder outside
37 9 CX  15.0                                                                   $ lead cylinder inside
38 9 RCC 2 0 0  20 0 0  7.0                                                     $ ccd body
39 9 RCC 0 0 0  2 0 0   2.5                                                     $ ccd lens
c ==============================================================================  
c                                 Detector  
c ==============================================================================  
40 12 RPP -15 15 0 2 -15 15                                                     $ scintillator
41 12 RPP -20 20 -3 1 -20 20                                                    $ scintillator cover outside
42 12 RPP -19.5 19.5 -2.5 1 -19.5 19.5                                          $ scintillator cover inside
43 12 RPP -50.0 100.0 1.0 75.0 -50.0 50.0                                       $ detector box outside
44 12 RPP -49.0  99.0 2.0 74.0 -50.0 49.0                                       $ detector box inside
45 12 RPP -55.0 110.0 -5.0 80.0 -55.0 -50.0                                     $ base steel plate
46 10 RPP -20 20 0 0.3 -20 20                                                   $ glass
c ==============================================================================  
c                               Experience room  
c ==============================================================================  
47 RPP -400 400 -400 700 -200 400                                               $ outside concrete
48 RPP -300 300 -300 600 -100 300                                               $ inside concrete
49 RPP -300 200   20  70 -100 200                                               $ source wall
50 RPP -400 300  400 600 -100 200                                               $ passage
51 RPP -415 -400  380 620  -100 210                                             $ lead door
52 RCC 0 10 0  0 50 0  30.0                                                     $ W primary collimation
53 TRC  0 0 0  0 200 0  0.25 7.5                                                $ source cone
54 RPP -600 400 -400 1000 -200 400                                              $ bounding box
55 RPP -600 -400 -400 1000 -200 -100                                            $ concrete ground outside
56 RPP -400 400 700 1000 -200 -100                                              $ concrete ground outside
c Tantalum target  
57 13 PY   0.0      
58 13 PY   0.12      
59 13 CY   1      
 
c Translation: [60, 50, 0] 
c Translation: [0, 400, 0] Rotation Y: 1 
c Translation: [0, -400, 0]
c Rotation Y: -1
c Translation: [200, 300, 0] Rotation Z: -90
tr1  2.500000000000000e+02 2.400000000000000e+02 0.000000000000000e+00  
      0.000000000000000e+00 -1.000000000000000e+00 0.000000000000000e+00  
      1.000000000000000e+00 0.000000000000000e+00 0.000000000000000e+00  
      0.000000000000000e+00 0.000000000000000e+00 1.000000000000000e+00  
c ==============================================================================  
c                                 Detector  
c ==============================================================================  
c miror transform  
c Translation: [0, 400, 0] Rotation Y: 1 
c Translation: [0, -400, 0]
c Rotation Y: -1
c Translation: [200, 300, 0] Rotation Z: -90
tr2  2.499849000000000e+02 3.000000000000000e+02 0.000000000000000e+00  
      7.070000000000000e-01 -7.070000000000000e-01 0.000000000000000e+00  
      7.070000000000000e-01 7.070000000000000e-01 0.000000000000000e+00  
      0.000000000000000e+00 0.000000000000000e+00 1.000000000000000e+00  
c Translation: [0, 400, 0] Rotation Y: 1 
c Translation: [0, -400, 0]
c Rotation Y: -1
c Translation: [200, 300, 0] Rotation Z: -90
tr3  2.000000000000000e+02 3.000000000000000e+02 0.000000000000000e+00  
      0.000000000000000e+00 -1.000000000000000e+00 0.000000000000000e+00  
      1.000000000000000e+00 0.000000000000000e+00 0.000000000000000e+00  
      0.000000000000000e+00 0.000000000000000e+00 1.000000000000000e+00  
c Translation: [0, -400, 0]
c Rotation Y: -1
c Translation: [200, 300, 0] Rotation Z: -90
tr4  -2.000000000000000e+02 3.000000000000000e+02 0.000000000000000e+00  
      0.000000000000000e+00 -9.998476951563900e-01 1.745240643728000e-02  
      1.000000000000000e+00 0.000000000000000e+00 0.000000000000000e+00  
      -0.000000000000000e+00 1.745240643728000e-02 9.998476951563900e-01  
c lat  
c Translation: [0, 300, 0] Rotation Z: 45 
tr5  0.000000000000000e+00 3.000000000000000e+02 0.000000000000000e+00     
      5.735764363510500e-01 8.191520442889900e-01 0.000000000000000e+00     
      -8.191520442889900e-01 5.735764363510500e-01 0.000000000000000e+00     
      0.000000000000000e+00 0.000000000000000e+00 1.000000000000000e+00     
c lat  
c Translation: [0, 300, 0] Rotation Z: 45 
tr6  7.071067811865500e-01 3.007071067811866e+02 0.000000000000000e+00     
      6.819983600625000e-01 7.313537016191700e-01 0.000000000000000e+00     
      -7.313537016191700e-01 6.819983600625000e-01 0.000000000000000e+00     
      0.000000000000000e+00 0.000000000000000e+00 1.000000000000000e+00     
c lat  
c Translation: [0, 300, 0] Rotation Z: 45 
tr7  2.121320343559640e+00 3.021213203435597e+02 0.000000000000000e+00     
      7.071067811865500e-01 7.071067811865500e-01 0.000000000000000e+00     
      -7.071067811865500e-01 7.071067811865500e-01 0.000000000000000e+00     
      0.000000000000000e+00 0.000000000000000e+00 1.000000000000000e+00     
c Translation: [0, 300, 0] Rotation Z: 45 
tr8  0.000000000000000e+00 3.000000000000000e+02 0.000000000000000e+00     
      7.071067811865500e-01 7.071067811865500e-01 0.000000000000000e+00     
      -7.071067811865500e-01 7.071067811865500e-01 0.000000000000000e+00     
      0.000000000000000e+00 0.000000000000000e+00 1.000000000000000e+00     
c Translation: [60, 50, 0] 
c Translation: [0, 400, 0] Rotation Y: 1 
tr9  5.999086170938347e+01 4.500000000000000e+02 -1.047144386237010e+00     
      9.998476951563900e-01 0.000000000000000e+00 -1.745240643728000e-02     
      0.000000000000000e+00 1.000000000000000e+00 0.000000000000000e+00     
      1.745240643728000e-02 0.000000000000000e+00 9.998476951563900e-01     
c ==============================================================================  
c                                 Detector  
c ==============================================================================  
c miror transform  
c Translation: [0, 400, 0] Rotation Y: 1 
tr10  0.000000000000000e+00 4.499849000000000e+02 0.000000000000000e+00     
      7.068923204755700e-01 7.070000000000000e-01 -1.233885135116000e-02     
      -7.068923204755700e-01 7.070000000000000e-01 1.233885135116000e-02     
      1.745240643728000e-02 0.000000000000000e+00 9.998476951563900e-01     
c file transform for tallies  
c Translation: [0, 400, 0] Rotation Y: 1 
tr11  0.000000000000000e+00 4.000000000000000e+02 0.000000000000000e+00     
      9.998476951563900e-01 0.000000000000000e+00 -1.745240643728000e-02     
      0.000000000000000e+00 1.000000000000000e+00 0.000000000000000e+00     
      1.745240643728000e-02 0.000000000000000e+00 9.998476951563900e-01     
c Translation: [0, 400, 0] Rotation Y: 1 
tr12  0.000000000000000e+00 4.000000000000000e+02 0.000000000000000e+00     
      9.998476951563900e-01 0.000000000000000e+00 -1.745240643728000e-02     
      0.000000000000000e+00 1.000000000000000e+00 0.000000000000000e+00     
      1.745240643728000e-02 0.000000000000000e+00 9.998476951563900e-01     
c ==============================================================================  
c                               Experience room  
c ==============================================================================  
c Tantalum target transform  
tr13    0 0 0                                                                   $ test comment
       1          0          0      
       0     0.7071    -0.7071      
       0     0.7071     0.7071      
c Empty transform for tally purposes  
tr14 0 0 0      
tr15 2.121320343559610e+00 2.121320343559590e+00 0.000000000000000e+00    
      1.000000000000000e+00 0.000000000000000e+00 0.000000000000000e+00    
      0.000000000000000e+00 1.000000000000000e+00 0.000000000000000e+00    
      0.000000000000000e+00 0.000000000000000e+00 1.000000000000000e+00    
tr16 1.117695579193653e+01 8.898586754565300e-01 0.000000000000000e+00    
      9.993908270191000e-01 3.489949670250000e-02 0.000000000000000e+00    
      -3.489949670250000e-02 9.993908270191000e-01 0.000000000000000e+00    
      0.000000000000000e+00 0.000000000000000e+00 1.000000000000000e+00    
tr17 5.209445330007898e+01 4.557674096336940e+00 0.000000000000000e+00    
      9.848077530122100e-01 1.736481776669300e-01 0.000000000000000e+00    
      -1.736481776669300e-01 9.848077530122100e-01 0.000000000000000e+00    
      0.000000000000000e+00 0.000000000000000e+00 1.000000000000000e+00    
c Portland concrete  
c Density 2.3g/cm3  
m1    1001   -0.00999885    
      1002   -1.15e-06    
      6012   -0.0009893    
      6013   -1.07e-05    
      8016   -0.528    
      11023   -0.016    
      12024   -0.0015798    
      12025   -0.0002    
      12026   -0.0002202    
      13027   -0.033872    
      14028   -0.31081087683    
      14029   -0.01578943385    
      14030   -0.01042068932    
      19039   -0.012123553    
      19040   -1.521e-06    
      19041   -0.000874926    
      20040   -0.04265404    
      20042   -0.00028468    
      20043   -5.94e-05    
      20044   -0.00091784    
      20046   -1.76e-06    
      20048   -8.228e-05    
      26054   -0.0008183    
      26056   -0.01284556    
      26057   -0.00029666    
      26058   -3.948e-05    
c Air, Dry (near sea level)  
c Density 1.205e-3  
m100   8016      -0.231781   $ O    
       7014      -0.755268   $ N    
      18040      -0.012827   $ Ar    
       6000      -0.000124   $ C    
c Lead antimony alloy  
c Density 11.0g/cm3  
m82   82204   -0.0133    
      82206   -0.22895    
      82207   -0.20995    
      82208   -0.4978    
      51121   -0.028605    
      51123   -0.021395    
c Tantalum  
c Density 16.71 g/cm3  
m73   73181      1   $ Ta 100%    
c Tungsten alloy  
c Density 17.6 g/cm3  
m74    74182      -0.24759262     $ W 93.01%    
       74183      -0.13309731    
       74184      -0.28498264    
       74186      -0.26442743    
       28058      -0.03567235     $ Ni 5.24%    
       28060      -0.01374085    
       28061      -0.00059736    
       28062      -0.00190422    
       28064      -0.00048522    
       29063      -0.01210475     $ Cu  1.75%    
       29065      -0.00539525    
c  
c ============================================================================== 
c New material cards from: 
c ./detector.mcnp 
c ============================================================================== 
c Pure aluminium  
c Density 2.7g/cm3  
m13 13027 1    
c Glass  
c Density 2.4 g/cm3  
m14    8016   -0.45868309881478886    
      11023   -0.09644118679706812    
      14028   -0.31037955253159727    
      14029   -0.015767522240770018    
      14030   -0.010406228125605313    
      20040   -0.10392569258312331    
      20042   -0.0006936169742552768    
      20043   -0.00014472688025419223    
      20044   -0.0022362983126684812    
      20046   -4.288203859383473e-06    
      20048   -0.00020047353042617735    
c Steel 304L  
c Density 7.90 g/cm3  
m26    26054      -0.0412978     $ Fe 70.655%    
       26056      -0.6482879    
       26057      -0.0149718    
       26058      -0.0019925    
        6000      -0.0001500     $ C  0.015%    
       14028      -0.00461148    $ Si 0.5%    
       14029      -0.00023416    
       14030      -0.00015436    
       25055      -0.01000000    $ Mn 1.0%    
       15031      -0.00022500    $ P  0.0225%    
       16032      -0.000071265   $ S  0.0075%    
       16033      -0.0000005625    
       16034      -0.0000031575    
       16036      -0.000000015    
       24050      -0.00803825    $ Cr 18.5%    
       24052      -0.15500965    
       24053      -0.01757685    
       24054      -0.00437525    
       28058      -0.062971225   $ Ni 9.25%    
       28060      -0.024256275    
       28061      -0.00105450    
       28062      -0.00336145    
       28064      -0.00085655    
        7014      -0.0005        $ N 0.05%    
c Scintillateur BGO (Bi4Ge3O12)  
c Density  7.13 g/cm3  
m83    83209      -0.671054 $ Bi    
       32070      -0.037114 $ Ge    
       32072      -0.048355    
       32073      -0.013514    
       32074      -0.062830    
       32076      -0.013007    
        8016      -0.154126 $ O    
c  
c ============================================================================== 
c New material cards from: 
c ./ccd.mcnp 
c ============================================================================== 
c PLastic  
c Density 1 g/cm3  
m6     6012    2    
       1001    5    
c  
c ============================================================================== 
c New material cards from: 
c ./lat_ex5.mcnp 
c ============================================================================== 
m5 4009 1    
m2 6000 1    
m4 1001 2 8016 1    
c 
c ==============================================================================
c Zero new material cards from:
c Extract of cells range(12, 22) from ./results/room_45.mcnp
c ==============================================================================
 
{"subsurf": {"cell": [4, 10, 22, 26, 32], "surf": [1, 10, 8, 6, 13, -2.0,
15, -4.0, 34, -23.0, 36, 45, 43, 41]}, "ccd": {"cell": [2, 3, 24, 25],
"comment": "Cells of the  ccd"}, "ScintillatorCell": {"cell": [27],
"surf": [40], "trans": [11], "position": [0.0, 1.0, 0.0], "comment":
"Scintillator cell  of detector 1"}, "F5_CCD": {"position": [10.0, 0.0,
0.0], "comment": "Point detector  position for  F5 tally"}, "target_Ta":
{"cell": [39], "surf": [57], "distance": [0.0], "comment": "Cell of the
tantalum target"}, "room_F5": {"position": [0, 100, 0], "radius": [5.0],
"trans": [14]}}
