c  - Original file: 
c ./room.mcnp
c      No transforms were applied
c  - Inserted files: 
c ./detector.mcnp
c      Applied translation: [0.0, 400.0, 0.0]
c      Applied Euler angles: a=-90.0, b=0.9999999999999002, g=90.0 
c      Rotation matrix:
c           [ 0.9998477   0.         -0.01745241]
c           [0. 1. 0.]
c           [0.01745241 0.         0.9998477 ]
c      List of applied transforms:
c           Translation: [0, 400, 0] Rotation Y: 1
c       - Files contained in ./detector.mcnp :
c       ./ccd.mcnp
c            Applied translation: [60, 50, 0]
c            Applied Euler angles: a=-0.0, b=0.0, g=0.0 
c            Rotation matrix:
c                 [1 0 0]
c                 [0 1 0]
c                 [0 0 1]
c            List of applied transforms:
c                 Translation: [60, 50, 0]
c ./lat_ex5.mcnp
c      Applied translation: [0.0, 300.0, 0.0]
c      Applied Euler angles: a=0.0, b=0.0, g=0.0 
c      Rotation matrix:
c           [1. 0. 0.]
c           [6.123234e-17 1.000000e+00 0.000000e+00]
c           [0. 0. 1.]
c      List of applied transforms:
c           Translation: [0, 300, 0]
c 
c 
c 
c 
c ============================================================================== 
c                                Lattice example n 5 
c ============================================================================== 
1 5 -.6 -5 imp:n,p,e=1 
4 2 -.8 -6 7 -8 9 imp:n,p,e=1 lat=1 u=1 
       fill=-2:2 -4:4 0:0 
      1 1 1 1 1  
      1 1 1 2(11) 1  
      1 3 1 1 1  
      1 2 3 2 1  
      1 1 1 1 1  
      1 4(12) 2 1 1  
      1 1 3 4(13) 1  
      1 2 3 1 1  
      1 1 1 1 1  
5 13 -.5 -11 10 12 imp:n,p,e=1 u=2 
6 4 -.4 11:-10:-12 imp:n,p,e=1 u=2 
7 0 -13 imp:n,p,e=1 u=3 fill=5 
8 13 -.5 13 imp:n,p,e=1 u=3 
9 4 -.4 -14 15 -16 17 imp:n,p,e=1 lat=1 u=5 
10 13 -.5 -18 19 -20 21 imp:n,p,e=1 u=4 
11 4 -.4 18:-19:20:-21 imp:n,p,e=1 u=4 
2 0 -1 2 -3 4 5 -22 23 imp:n,p,e=1 fill=1 
c 
c 
c 
c 
c ============================================================================== 
c                                   CCD 
c ============================================================================== 
12 82 -11.0 -24 25 imp:n,p,e=1                                                  $ lead
13 6 -1.0 -26 imp:n,p,e=1                                                       $ ccd body
14 14 -2.4 -27 imp:n,p,e=1                                                      $ ccd lens
15 100 -1.205e-3 -24 -25 26 27 imp:n,p,e=1                                      $ air
c 
c 
c 
c 
c ============================================================================== 
c                                 Detector 
c ============================================================================== 
16 83 -7.13 -28 imp:n,p,e=1                                                     $ scintillator
17 13 -2.7 -29 30 imp:n,p,e=1                                                   $ scintillator cover
18 13 -2.7 -31 32 28 imp:n,p,e=1                                                $ detector box
19 26 -7.9 -33 imp:n,p,e=1                                                      $ base steel plate
20 14 -2.4 -34 imp:n,p,e=1                                                      $ mirror
21 100 -1.205e-3 (28 #18 34) (-30:-31)  
      (24)                                                                      $ ./ccd.mcnp
       imp:n,p,e=1                                                              $ air
c 
c 
c 
c 
c ============================================================================== 
c                               Experience room 
c ============================================================================== 
22 1 -2.3 -35 36 38 imp:n,p,e=1                                                 $ main room
23 1 -2.3 -37 40.1 imp:n,p,e=1                                                  $ source wall
24 1 -2.3 -43 imp:n,p,e=1                                                       $ concrete ground outside
25 1 -2.3 -44 imp:n,p,e=1                                                       $ concrete ground outside
26 74 -17.6 -40 41.1 imp:n,p,e=1                                                $ W primary collimation
27 82 -11.0 -39 imp:n,p,e=1                                                     $ lead door
28 73 -16.71 45 -46 -47 imp:n,p,e=1                                             $ Tantalum target
29 100 -1.205e-3 #22 #23 #26 #27 #28 43 44 -42  
      ((1:-2:3:-4:22:-23))                                                      $ ./lat_ex5.mcnp
      ((33 31 29))                                                              $ ./detector.mcnp
       imp:n,p,e=1                                                              $ Air
30 0 42 imp:n,p,e=0                                                             $ Graveyard
 
c ============================================================================== 
c                                Lattice example n 5 
c ============================================================================== 
1 4 px 15   
2 4 px -15   
3 4 py 15   
4 4 py -15   
5 4 s 7 2.1 0 3.5   
6 4 px 4   
7 4 px -5   
8 4 py 2   
9 4 py -2   
10 4 p .7 -.7 0 -2.5   
11 4 p .6 .8 0 .5   
12 4 py -1   
13 4 x -4.5 0 -.5 1.7 3.5 0   
14 4 px 1.6   
15 4 px -1.4   
16 4 py 1   
17 4 py -1.2   
18 4 px 3   
19 4 px -3   
20 4 py .5   
21 4 py -.6   
22 4 pz 6   
23 4 pz -7   
c ============================================================================== 
c                                   CCD 
c ============================================================================== 
24 5 RCC -10 0 0  40 0 0   20.0                                                 $ lead cylinder outside
25 5 CX  15.0                                                                   $ lead cylinder inside
26 5 RCC 2 0 0  20 0 0  7.0                                                     $ ccd body
27 5 RCC 0 0 0  2 0 0   2.5                                                     $ ccd lens
c ============================================================================== 
c                                 Detector 
c ============================================================================== 
28 8 RPP -15 15 0 2 -15 15                                                      $ scintillator
29 8 RPP -20 20 -3 1 -20 20                                                     $ scintillator cover outside
30 8 RPP -19.5 19.5 -2.5 1 -19.5 19.5                                           $ scintillator cover inside
31 8 RPP -50.0 100.0 1.0 75.0 -50.0 50.0                                        $ detector box outside
32 8 RPP -49.0  99.0 2.0 74.0 -50.0 49.0                                        $ detector box inside
33 8 RPP -55.0 110.0 -5.0 80.0 -55.0 -50.0                                      $ base steel plate
34 6 RPP -20 20 0 0.3 -20 20                                                    $ glass
c ============================================================================== 
c                               Experience room 
c ============================================================================== 
35 RPP -400 400 -400 700 -200 400                                               $ outside concrete
36 RPP -300 300 -300 600 -100 300                                               $ inside concrete
37 RPP -300 200   20  70 -100 200                                               $ source wall
38 RPP -400 300  400 600 -100 200                                               $ passage
39 RPP -415 -400  380 620  -100 210                                             $ lead door
40 RCC 0 10 0  0 50 0  30.0                                                     $ W primary collimation
41 TRC  0 0 0  0 200 0  0.25 7.5                                                $ source cone
42 RPP -600 400 -400 1000 -200 400                                              $ bounding box
43 RPP -600 -400 -400 1000 -200 -100                                            $ concrete ground outside
44 RPP -400 400 700 1000 -200 -100                                              $ concrete ground outside
c Tantalum target 
45 9 PY   0.0   
46 9 PY   0.12   
47 9 CY   1   
 
c lat 
c Translation: [0, 300, 0]
tr1  0.000000000000000e+00 3.000000000000000e+02 0.000000000000000e+00  
      9.848077530122100e-01 1.736481776669300e-01 0.000000000000000e+00  
      -1.736481776669300e-01 9.848077530122100e-01 0.000000000000000e+00  
      0.000000000000000e+00 0.000000000000000e+00 1.000000000000000e+00  
c lat 
c Translation: [0, 300, 0]
tr2  1.000000000000000e+00 3.000000000000000e+02 0.000000000000000e+00  
      9.993908270191000e-01 3.489949670250000e-02 0.000000000000000e+00  
      -3.489949670250000e-02 9.993908270191000e-01 0.000000000000000e+00  
      0.000000000000000e+00 0.000000000000000e+00 1.000000000000000e+00  
c lat 
c Translation: [0, 300, 0]
tr3  3.000000000000000e+00 3.000000000000000e+02 0.000000000000000e+00  
      1.000000000000000e+00 0.000000000000000e+00 0.000000000000000e+00  
      0.000000000000000e+00 1.000000000000000e+00 0.000000000000000e+00  
      0.000000000000000e+00 0.000000000000000e+00 1.000000000000000e+00  
c Translation: [0, 300, 0]
tr4  0.000000000000000e+00 3.000000000000000e+02 0.000000000000000e+00  
      1.000000000000000e+00 0.000000000000000e+00 0.000000000000000e+00  
      0.000000000000000e+00 1.000000000000000e+00 0.000000000000000e+00  
      0.000000000000000e+00 0.000000000000000e+00 1.000000000000000e+00  
c Translation: [60, 50, 0]
c Translation: [0, 400, 0] Rotation Y: 1
tr5  5.999086170938347e+01 4.500000000000000e+02 -1.047144386237010e+00  
      9.998476951563900e-01 0.000000000000000e+00 -1.745240643728000e-02  
      0.000000000000000e+00 1.000000000000000e+00 0.000000000000000e+00  
      1.745240643728000e-02 0.000000000000000e+00 9.998476951563900e-01  
c ============================================================================== 
c                                 Detector 
c ============================================================================== 
c miror transform 
c Translation: [0, 400, 0] Rotation Y: 1
tr6  0.000000000000000e+00 4.499849000000000e+02 0.000000000000000e+00  
      7.068923204755700e-01 7.070000000000000e-01 -1.233885135116000e-02  
      -7.068923204755700e-01 7.070000000000000e-01 1.233885135116000e-02  
      1.745240643728000e-02 0.000000000000000e+00 9.998476951563900e-01  
c file transform for tallies 
c Translation: [0, 400, 0] Rotation Y: 1
tr7  0.000000000000000e+00 4.000000000000000e+02 0.000000000000000e+00  
      9.998476951563900e-01 0.000000000000000e+00 -1.745240643728000e-02  
      0.000000000000000e+00 1.000000000000000e+00 0.000000000000000e+00  
      1.745240643728000e-02 0.000000000000000e+00 9.998476951563900e-01  
c Translation: [0, 400, 0] Rotation Y: 1
tr8  0.000000000000000e+00 4.000000000000000e+02 0.000000000000000e+00  
      9.998476951563900e-01 0.000000000000000e+00 -1.745240643728000e-02  
      0.000000000000000e+00 1.000000000000000e+00 0.000000000000000e+00  
      1.745240643728000e-02 0.000000000000000e+00 9.998476951563900e-01  
c ============================================================================== 
c                               Experience room 
c ============================================================================== 
c Tantalum target transform 
tr9    0 0 0                                                                    $ test comment
       1          0          0   
       0     0.7071    -0.7071   
       0     0.7071     0.7071   
c Empty transform for tally purposes 
tr10 0 0 0   
tr11 2.999999999999980e+00 0.000000000000000e+00 0.000000000000000e+00 
      1.000000000000000e+00 0.000000000000000e+00 0.000000000000000e+00 
      0.000000000000000e+00 1.000000000000000e+00 0.000000000000000e+00 
      0.000000000000000e+00 0.000000000000000e+00 1.000000000000000e+00 
tr12 1.146984901074998e+01 1.827518942699800e-01 0.000000000000000e+00 
      9.993908270191000e-01 3.489949670250000e-02 0.000000000000000e+00 
      -3.489949670250000e-02 9.993908270191000e-01 0.000000000000000e+00 
      0.000000000000000e+00 0.000000000000000e+00 1.000000000000000e+00 
tr13 5.209445330007898e+01 4.557674096337000e+00 0.000000000000000e+00 
      9.848077530122100e-01 1.736481776669300e-01 0.000000000000000e+00 
      -1.736481776669300e-01 9.848077530122100e-01 0.000000000000000e+00 
      0.000000000000000e+00 0.000000000000000e+00 1.000000000000000e+00 
c Portland concrete 
c Density 2.3g/cm3 
m1    1001   -0.00999885  
      1002   -1.15e-06  
      6012   -0.0009893  
      6013   -1.07e-05  
      8016   -0.528  
      11023   -0.016  
      12024   -0.0015798  
      12025   -0.0002  
      12026   -0.0002202  
      13027   -0.033872  
      14028   -0.31081087683  
      14029   -0.01578943385  
      14030   -0.01042068932  
      19039   -0.012123553  
      19040   -1.521e-06  
      19041   -0.000874926  
      20040   -0.04265404  
      20042   -0.00028468  
      20043   -5.94e-05  
      20044   -0.00091784  
      20046   -1.76e-06  
      20048   -8.228e-05  
      26054   -0.0008183  
      26056   -0.01284556  
      26057   -0.00029666  
      26058   -3.948e-05  
c Air, Dry (near sea level) 
c Density 1.205e-3 
m100   8016      -0.231781   $ O  
       7014      -0.755268   $ N  
      18040      -0.012827   $ Ar  
       6000      -0.000124   $ C  
c Lead antimony alloy 
c Density 11.0g/cm3 
m82   82204   -0.0133  
      82206   -0.22895  
      82207   -0.20995  
      82208   -0.4978  
      51121   -0.028605  
      51123   -0.021395  
c Tantalum 
c Density 16.71 g/cm3 
m73   73181      1   $ Ta 100%  
c Tungsten alloy 
c Density 17.6 g/cm3 
m74    74182      -0.24759262     $ W 93.01%  
       74183      -0.13309731  
       74184      -0.28498264  
       74186      -0.26442743  
       28058      -0.03567235     $ Ni 5.24%  
       28060      -0.01374085  
       28061      -0.00059736  
       28062      -0.00190422  
       28064      -0.00048522  
       29063      -0.01210475     $ Cu  1.75%  
       29065      -0.00539525  
c 
c ==============================================================================
c New material cards from:
c ./detector.mcnp
c ==============================================================================
c Pure aluminium 
c Density 2.7g/cm3 
m13 13027 1  
c Glass 
c Density 2.4 g/cm3 
m14    8016   -0.45868309881478886  
      11023   -0.09644118679706812  
      14028   -0.31037955253159727  
      14029   -0.015767522240770018  
      14030   -0.010406228125605313  
      20040   -0.10392569258312331  
      20042   -0.0006936169742552768  
      20043   -0.00014472688025419223  
      20044   -0.0022362983126684812  
      20046   -4.288203859383473e-06  
      20048   -0.00020047353042617735  
c Steel 304L 
c Density 7.90 g/cm3 
m26    26054      -0.0412978     $ Fe 70.655%  
       26056      -0.6482879  
       26057      -0.0149718  
       26058      -0.0019925  
        6000      -0.0001500     $ C  0.015%  
       14028      -0.00461148    $ Si 0.5%  
       14029      -0.00023416  
       14030      -0.00015436  
       25055      -0.01000000    $ Mn 1.0%  
       15031      -0.00022500    $ P  0.0225%  
       16032      -0.000071265   $ S  0.0075%  
       16033      -0.0000005625  
       16034      -0.0000031575  
       16036      -0.000000015  
       24050      -0.00803825    $ Cr 18.5%  
       24052      -0.15500965  
       24053      -0.01757685  
       24054      -0.00437525  
       28058      -0.062971225   $ Ni 9.25%  
       28060      -0.024256275  
       28061      -0.00105450  
       28062      -0.00336145  
       28064      -0.00085655  
        7014      -0.0005        $ N 0.05%  
c Scintillateur BGO (Bi4Ge3O12) 
c Density  7.13 g/cm3 
m83    83209      -0.671054 $ Bi  
       32070      -0.037114 $ Ge  
       32072      -0.048355  
       32073      -0.013514  
       32074      -0.062830  
       32076      -0.013007  
        8016      -0.154126 $ O  
c 
c ==============================================================================
c New material cards from:
c ./ccd.mcnp
c ==============================================================================
c PLastic 
c Density 1 g/cm3 
m6     6012    2  
       1001    5  
c 
c ==============================================================================
c New material cards from:
c ./lat_ex5.mcnp
c ==============================================================================
m5 4009 1  
m2 6000 1  
m4 1001 2 8016 1  
c ==============================================================================
c                                    PHYSICS                                    
c ==============================================================================
MODE N P E
PHYS:N 30.0
PHYS:P 30.0
PHYS:E 30.0 6j 0
c
CUT:P  J 0.05
CUT:E  J 0.05
c ==============================================================================
c                                    TALLIES                                    
c ==============================================================================
F4:P 16
FM4 -1 83 -5 -6
F5:P 0.0 100.0 0.0 5.0
 
{"subsurf": {"surf": [1.0, -2.0, 3.0, -4.0, 22.0, -23.0, 24, 33, 31, 29],
"cell": [2, 15, 21]}, "ccd": {"cell": [13, 14], "comment": "Cells of the
ccd"}, "F5_CCD": {"position": [10.0, 0.0, 0.0], "comment": "Point detector
position for  F5 tally"}, "ScintillatorCell": {"cell": [16], "surf": [28],
"trans": [7], "position": [0.0, 1.0, 0.0], "comment": "Scintillator cell
of detector 1"}, "target_Ta": {"cell": [28], "surf": [45], "distance":
[0.0], "comment": "Cell of the tantalum target"}, "room_F5": {"position":
[0, 100, 0], "radius": [5.0], "trans": [10]}}
